9104
12873
93327
37375
22676
80048
51718
82464
46794
40559
32150
11509
84441
38017
57282
50208
36685
27890
75724
49019
80391
19868
3042
68867
64938
23264
70397
90725
55572
26606
74630
23549
32393
16314
89454
94336
44709
89637
73873
65512
23825
8595
63340
53147
58324
15090
3254
32854
19054
6684
42928
69991
13935
29889
24163
2970
79422
59810
48479
10850
88924
9193
31707
19495
16501
18040
2189
77250
320
59788
75938
28001
65142
12314
32333
48072
84421
65193
34695
5190
69993
6048
21193
78575
46373
14297
58960
75461
24964
56045
29637
56771
49651
26339
94000
6417
70468
19236
36419
46240
41337
23515
95305
10145
65810
8580
41882
39073
36834
37107
10112
43483
35754
40282
796
69014
41669
70329
23484
10740
26275
11372
33199
31773
40075
42368
75377
55714
73795
83639
25504
72989
61006
35351
65727
29931
2993
21496
83606
149
80909
35666
94841
77764
14637
17294
76300
19247
26436
59375
50313
75586
71512
67856
86531
8182
79883
11316
7210
22124
75915
34921
15794
20279
62488
33035
11443
2358
39181
24957
71451
55632
70217
16466
17737
81330
86786
44028
53118
25200
71832
28117
37143
96537
82524
36373
29637
23083
19224
69397
60890
4648
18221
41135
54496
99634
32806
52954
69929
14029
40596
57189
20429
61986
5836
21131
84551
63933
32172
98921
98664
77901
8369
46450
8617
69689
6600
70707
58739
54183
94110
75953
36048
99932
75467
22242
22943
99756
37308
48077
66567
4764
26545
69510
80030
56869
29950
56545
89503
57165
48200
40387
26646
318
31846
10943
22751
47144
10711
57975
48410
48186
2517
77662
97561
5239
64941
85659
62651
3894
32182
56743
44744
96609
95498
96417
5278
48931
14674
86609
10571
51
25933
50033
5557
72129
51140
24067
10172
46825
12382
42170
90254
32912
71191
31158
96125
62203
48819
66301
59369
369
86706
58864
32468
7090
69953
71439
71632
68425
27717
7151
75437
38951
38571
18585
6993
12018
61855
37233
99726
44908
57232
42477
55918
53215
43565
96378
67906
89146
88654
85789
16109
58919
21364
35783
93564
27906
83309
41927
88466
6780
52356
26308
50968
478
83674
5261
35308
57133
91130
59276
54242
79713
89169
890
77042
7589
86324
46496
45532
2512
63800
96942
4013
1507
71130
69
39352
85390
21266
43452
35253
6974
94551
1011
30300
16088
91166
14745
71068
74065
19631
55494
51372
64574
14653
98311
48327
16120
77726
91029
64311
88103
32885
9530
84353
22484
77187
92754
70295
69504
44856
26411
29829
65810
28265
81264
7130
73288
67058
5750
39452
82814
41929
53356
40545
89884
46230
73831
30181
38020
88997
83696
61878
38809
72302
80057
52175
7722
91186
77483
46802
49121
6404
23822
45366
40180
73395
60136
10359
56195
49731
75167
17096
78724
22410
47982
6889
68359
3723
60903
68358
37595
37104
94032
16644
54220
91300
16848
72776
84793
60464
84674
65009
24754
59767
40548
60809
7919
68480
1983
2795
21021
60283
95652
73677
66909
77954
50176
79386
13553
96869
78531
15851
48109
46258
23586
32202
71312
13257
76608
52982
30058
20047
5183
13618
14635
96777
28294
34252
26843
71319
39512
55435
41617
11736
79988
48255
26371
29231
2311
42975
28869
44133
52460
11611
8366
76632
30501
59553
84081
23336
92691
28920
70471
78121
24152
13598
66943
70252
67329
26263
44870
44588
2882
13745
4450
93719
53692
81122
37706
2596
26607
93862
77858
50132
5845
11747
23726
87767
5096
39398
33024
3056
31074
90682
11210
71905
93309
28762
57310
62862
44789
25847
49435
80705
62828
63551
50459
33698
48782
66712
65258
97093
75437
59236
70536
41318
56996
54462
60104
71316
93373
21897
52431
30866
35047
46387
24255
10296
62840
51930
16467
99328
19057
24992
44977
61023
66608
36705
26093
99776
21477
98289
74959
30531
23669
76952
67401
18519
32683
27447
83809
34817
21862
79919
46221
26153
20835
99146
66270
24471
68310
50531
5306
32884
95158
5753
79926
68970
26375
85394
24916
98942
97596
89945
10869
72228
67148
40268
23949
17569
25743
40251
19994
5823
75386
85524
42725
19463
41351
50761
23575
67291
58737
77585
29251
89156
49715
9090
66742
9180
44902
51464
47611
13929
80530
68509
24377
84969
24482
20216
35436
76349
78461
80722
41780
51816
70142
57246
61873
4205
39821
97728
97429
33939
74107
6289
57447
27964
15276
31450
17104
42451
48861
29236
69909
33282
68078
26804
99358
47061
72626
64564
21991
7538
70700
37361
7270
1163
27284
57693
91665
14003
92584
12695
98570
77024
92028
10908
59220
15926
48682
50753
97082
21131
22962
58471
87773
11426
61659
48859
65175
64460
4478
55033
627
40303
8737
40369
41156
34681
40799
83581
81080
34616
98301
60639
4518
46495
33741
82598
88697
77656
71755
76107
96586
54503
22735
10247
31553
95654
92635
10732
28621
40893
63133
82948
28651
9278
53767
41895
32972
95055
6882
29336
92944
38454
17848
25460
51616
94775
18976
87573
67713
89674
64163
36071
61486
7291
32636
54852
92414
17617
67467
7300
85501
65629
16922
68046
92748
57824
47050
374
24280
8849
51797
28948
47825
3344
26129
17070
57726
68076
95881
85558
51691
44196
85117
36935
97035
31836
31598
22511
53832
16398
98083
22272
11459
10892
54985
71135
55355
33776
82052
36417
71562
40852
67424
87710
2410
76254
78519
23447
67012
35298
44734
20215
1760
83257
20954
70296
79553
2669
3005
28302
10762
13943
80458
35029
20869
96405
28780
15108
27982
43221
45004
16544
68548
71410
32106
54320
54215
37490
82966
737
66458
614
92786
23389
95539
26751
54733
20020
1748
7278
63885
4147
96514
32777
60763
30917
46003
29070
96337
50087
68505
51721
68751
43109
80729
20555
52513
82905
78624
31162
80332
93621
99316
37979
3363
37116
90927
72148
91495
410
58890
12309
36174
80215
65414
10728
7745
5756
18682
53412
43913
93527
22370
71523
83366
1994
79177
151
37995
78403
17772
89074
1570
90082
51767
44416
84154
82186
71055
89464
10064
62987
22996
21986
1013
93969
61179
68762
1185
94161
89571
75311
24055
75824
73660
26314
80545
73170
26153
26262
25095
13185
35462
55063
38740
53058
43955
65286
31100
69368
8447
85554
63957
95320
70135
9582
74603
52533
71284
5760
41135
1742
3765
91398
95282
77356
80785
93930
32316
65616
26378
80727
75337
96091
1422
39532
18005
50234
31962
12927
2430
26093
86676
36129
19258
36802
93216
34886
41795
30051
81581
78560
69155
88541
9362
33203
33113
33669
3028
67237
86046
444
28662
26255
24905
29275
47063
44883
40059
76064
59301
36521
10264
80955
23609
86481
36435
41706
94568
73195
61181
68198
2825
55816
27929
88480
54857
43768
17905
87499
8679
2065
19424
13845
17105
52028
67966
45777
70155
82569
40888
76796
78408
14680
86648
94550
76513
82799
51815
43322
31698
45416
51828
17464
96862
60226
48698
12705
25685
68622
93285
37435
40045
20511
99865
84560
2170
16745
89771
6388
22304
52788
15993
50039
13343
21834
40020
51573
83712
75872
75264
58575
30625
9445
5311
92921
74878
85135
24215
54990
68338
8141
34211
7665
84136
64132
67693
69951
64862
32246
73855
7947
47804
30698
5425
63619
5824
29031
66979
40065
25669
13831
93047
62346
99089
70893
81047
75856
38138
43603
50125
46222
65301
36733
15101
47739
97453
18521
94737
25754
42532
91752
9400
31114
27458
99416
83232
9837
97462
54068
32108
83171
11876
65023
73516
240
26732
80652
1708
85879
90296
55939
14503
41544
86661
39661
46543
90529
56852
62854
16927
8731
49530
88289
16362
51141
97386
38029
2292
71391
45836
96153
83338
9141
71436
10012
60034
70487
88924
19683
39501
21123
28003
40197
69453
38222
91730
85085
25560
83421
37233
38276
84292
84956
87342
2783
37745
67959
1460
18822
61344
47776
58110
63720
38215
99792
21205
6770
94361
82430
91089
15140
10038
47165
90372
24233
73952
82134
3887
40274
61233
47452
33447
21076
69674
60919
5743
41625
27965
94202
73732
80864
10599
31522
23868
40162
62560
55679
7541
64646
44298
19770
59762
93507
18842
5825
3949
87007
59167
47082
26238
10337
85872
21465
20630
81508
4447
98158
86042
20579
31478
47998
10885
95470
20884
85678
42229
8266
37582
87736
25864
59172
15552
60437
32172
51292
34309
67344
82864
18264
18598
18379
40274
15472
49311
72494
46359
36194
69714
17808
16743
19990
65183
95780
42295
69295
40164
17539
75650
21527
77886
44208
58462
76972
19104
55188
16033
75078
38356
54548
67027
96736
16409
1060
44144
77580
85350
17764
551
10873
99958
10842
95314
7423
69711
25641
67234
77612
65925
14581
64911
89389
3027
17319
14641
65690
61173
66898
24342
33158
76453
18495
6339
77330
77706
5831
72208
2786
49129
7506
95962
35004
19458
66159
11129
84767
92533
33484
6489
72242
74138
89049
71779
59342
20091
43794
90035
83713
65637
34877
17207
14180
4450
18359
7418
60139
82937
69050
7012
49996
34979
7346
74804
57711
11223
42438
54955
40640
41370
66687
72363
44344
11831
8950
4097
39900
99561
35729
12429
44520
80407
17842
43415
44436
15552
85896
16951
86743
91139
53348
17568
29357
13349
57536
39245
53589
23554
34150
86466
24362
39973
47717
23014
51261
46056
41423
7834
96453
11583
8600
10735
24083
41556
98729
23371
87238
12915
45929
51812
73921
45239
33157
59751
936
4315
48707
58631
39895
17283
98195
98736
25195
14980
71203
53847
28708
46710
76905
23341
79936
6420
57718
69554
57186
3505
36410
47595
38205
28626
89332
10733
41807
32454
68466
52322
10507
95723
52011
43275
26998
1083
82511
2270
86904
71854
3476
5195
85062
92723
81818
10074
92775
332
44851
94637
77698
93416
99779
92
96670
24330
3262
16556
71771
46442
80996
34459
60601
68494
19842
27522
61199
41570
51403
42997
85313
23423
82231
96422
50531
31411
30400
25336
60269
71580
19143
30290
36941
91441
15062
88290
50197
13390
70652
34459
97710
46846
88653
20438
71255
6606
93648
69207
41280
91788
47124
12127
53307
97345
82110
61476
52513
63886
50181
80575
7588
33531
50569
36525
97689
62183
75135
96391
88404
17223
96008
98058
47654
4425
83978
23138
27861
56603
43735
39763
19027
96840
60946
58823
49627
66892
74511
65675
87219
59986
31906
44929
70313
14600
9280
22774
75575
62244
90132
97811
83865
50885
54600
15189
83265
37394
81809
94437
47024
33674
8434
47671
27143
38110
54624
96239
45786
2974
42397
27417
74072
97334
48823
5250
39637
83304
63552
48688
5505
795
4149
59842
71814
3938
16137
84022
98630
11411
81654
12276
5536
11321
64628
3246
74684
29324
21758
83876
32791
79062
74068
81507
88806
98690
5796
10169
64565
13987
25273
33003
6659
31808
7416
10718
48101
7041
24138
42719
33740
1616
9161
37659
99801
85886
21461
61966
2975
38895
35690
44585
65885
88913
69778
35118
45222
18338
22121
61001
29275
69596
85117
26619
10399
36191
3232
3153
75877
73096
70752
2820
23449
46141
42320
10213
85852
89877
82703
71878
83332
73637
69690
48520
53836
25457
80252
40335
52022
79892
47953
88502
77082
21564
99586
80329
80412
5037
98295
50301
88854
81899
61048
58035
25411
79908
68697
89291
19856
20043
41814
2822
50436
78902
56710
15958
60272
82204
58167
10269
40167
1134
96145
55570
85658
54965
28686
28237
10687
77952
98361
35505
83547
41634
39726
54810
79823
91313
79478
75322
18713
58332
45247
70116
14803
17185
1818
65368
78580
90629
21954
15855
63808
60477
24069
48407
36394
39395
1735
39960
81001
96104
78226
26495
14683
70154
91662
67196
34553
3126
52765
24388
17855
81953
25033
42163
78635
80403
54600
22514
43103
38005
98576
6005
42394
85770
26631
108
85539
64760
93479
53621
38708
49981
2057
18157
87187
27151
15582
83297
72849
81087
41852
57392
64942
54372
28888
8149
35868
75873
24303
93011
80981
49570
59575
51705
39015
87911
90080
72349
57179
90997
3484
24702
88564
20364
74051
23093
67345
71898
88785
59659
97786
62781
72914
11760
35614
28424
39022
64474
28307
36665
79802
43683
3578
23932
8018
19349
43944
52569
11831
19365
70482
75369
20527
93637
33668
72181
49727
46439
99849
43281
9401
14653
72336
51036
61283
54757
97435
22192
37610
84442
63965
12163
81783
86474
34569
68185
7582
65999
15948
99425
22680
25718
54482
76082
93400
78137
17036
70485
99656
52642
25613
49077
45805
70965
42953
4399
66837
26827
1820
36750
33604
52318
39515
95365
99915
65870
97305
5336
99226
37584
67712
12314
27949
30185
28516
94676
70555
10535
78516
75150
17736
82338
86273
53519
17026
71457
92721
67762
5397
68988
53922
5712
83154
89420
16136
19877
10653
21348
11506
68969
50320
88953
26362
51772
44469
93075
14255
46082
26697
65348
1948
45265
51286
29419
84560
66125
65036
17970
90793
2972
5816
4178
8168
35874
99405
69631
45643
86069
1357
25965
66331
86315
13204
82829
59019
46929
18069
33943
22716
51952
92611
838
52887
83054
66978
25370
84420
66012
16640
33018
65436
64045
31149
47777
86953
22323
70074
41274
38764
67525
26675
77831
66833
36736
93222
39946
82545
64910
98351
34957
71703
8584
55326
15325
28364
53096
85850
87083
82984
63122
97593
1342
98603
81309
57664
60475
12606
73104
17286
62423
10056
29983
13039
56238
73777
8843
4755
10430
66970
19063
29882
16183
87109
2942
91239
87869
50721
50591
9736
21695
10905
2973
39803
53547
5667
61319
21139
20088
51088
27706
12591
53439
38493
65548
28617
6818
63143
60188
62973
59779
24621
85429
60064
21360
76559
39449
88617
30950
5370
43870
58516
65489
35818
72216
54867
49279
68258
48989
19591
29833
36592
84893
25347
52596
72856
14242
47040
56074
24358
99663
23932
29226
50835
55909
99979
43432
14448
11663
53010
54622
8359
12994
20205
56383
51262
55711
88506
49812
29944
52048
14790
97107
29211
20822
90617
1972
94111
85273
84140
5313
99096
83231
12841
61748
44292
15761
60687
94195
4700
22601
74798
28429
55062
56546
83682
69977
65461
26434
40178
28812
1195
15729
6527
63751
70952
30839
88377
43641
13377
90019
65269
316
65163
60230
12950
45146
60172
44454
43322
22182
78788
24941
78797
8424
35480
92559
57775
57416
47019
76814
10200
59981
50615
99434
93970
26323
23760
81627
25176
98926
87918
62546
99478
57804
81803
49933
56638
14377
78057
69341
28929
60712
12078
42046
80236
19116
59599
91104
58716
28152
30556
23984
71457
11947
4862
40463
11108
72279
45877
87523
86910
83589
23748
96169
30764
59606
61242
3250
65367
55208
78390
27670
59433
78167
5057
3179
29488
35664
55960
30468
96014
96360
5452
36195
60981
38337
1961
99766
71715
79321
76420
48726
91660
88269
90473
18987
42914
92856
61446
33506
82402
21801
96309
74420
36769
6675
96741
63931
60327
54754
12912
70546
40913
39450
2694
21305
61149
4838
4369
62888
32017
79606
73395
237
24302
94707
38404
34513
14358
92644
55943
94530
19482
90678
81210
82534
85635
27452
16411
19967
33477
37049
11475
14127
92426
14872
37552
96788
16976
95280
98771
12510
51281
52896
33298
97081
61459
90971
67144
1212
95799
20858
84670
72490
38652
48103
48949
94971
25682
12704
72643
81478
64283
45215
12138
97811
56334
9286
82910
47358
80832
8256
4456
49826
29948
78717
14767
60415
89712
3435
98726
74813
34090
91671
39985
289
50734
47188
13283
38267
23775
38965
3571
92739
90698
52788
19145
20304
86195
11539
63421
35702
55160
16471
61836
64928
24550
61919
16161
16116
66554
52981
39123
34678
55574
59422
13123
25720
49652
28231
17702
31186
15025
21224
43508
6101
3398
69076
66920
57978
9152
44723
79827
63103
68691
36199
59470
62469
81915
43445
96091
52622
69695
35212
43557
79883
56669
86511
67487
98508
37828
13642
62321
9400
19295
98851
49524
72179
82793
86675
47238
39416
93908
32093
26413
94717
73915
53774
74538
78809
12251
44143
14040
20400
33745
93419
56446
57374
70144
79285
57419
62180
20513
84112
32923
25703
58219
70005
13521
48255
15784
9953
34242
32633
9684
14147
53995
76080
51603
4571
76306
86440
74475
52089
72228
23965
79754
80965
27374
85443
71392
99516
17937
72722
39761
1788
75949
75658
99637
91166
6050
86054
93475
26182
16969
7548
55776
46800
77292
26150
8282
43737
98278
88992
8347
47514
61964
37311
24871
139
98395
7459
9069
58610
33098
92258
68097
8313
78630
15991
92563
17161
76685
49411
52897
22716
83956
34976
6257
15676
89625
58974
23173
93762
14444
8014
24054
72671
38124
99546
98117
82429
43206
38522
89023
44007
91611
38133
40717
55980
97766
34423
78548
86909
14184
30153
68778
59198
71512
43405
18039
41512
75055
98503
64485
98638
39864
15766
69718
22210
70401
94976
29193
73904
83912
40525
4157
52160
83293
74466
10587
47135
93502
39161
11826
94103
51643
6201
92061
71854
24481
94242
92643
22721
23834
8961
63428
71481
30479
97548
7890
77254
20942
36430
57544
51524
46600
84837
16867
94837
77511
93702
24685
94427
70084
89905
55419
54281
9326
92486
41416
5631
20724
41824
3763
15220
25992
46868
93520
69724
68240
66211
99417
68005
16444
94074
82133
44704
76750
19243
54922
45676
80194
12641
57987
73365
34339
89684
8467
24812
72925
53455
36863
79838
2581
14236
80537
2408
28318
25245
79195
58084
73036
96628
60303
48033
15251
60142
11054
40907
31873
10683
39226
15755
37987
99647
24182
78759
3290
9181
62621
38019
87007
91383
25125
4269
12279
7578
81110
79838
46940
50324
66140
36351
94545
76533
49567
27720
49485
71257
16148
50085
74801
1763
46045
72474
41141
20718
76540
26849
46190
96836
40070
53616
9574
26548
23167
64408
87530
30690
52621
78040
57707
87527
53573
74716
67693
2337
42938
61120
86183
96462
37716
95343
75413
38215
25676
83891
22687
52813
76944
28293
62938
4506
52114
89995
2118
90128
26983
19628
45465
73678
209
15330
70091
18764
46636
26959
38637
15278
84987
35263
67570
29425
71329
70373
55833
16106
79601
44177
25292
17974
78944
48939
54527
47385
15700
85390
9857
87432
53094
54654
4513
4870
25595
32938
61996
15638
25339
42397
4375
59863
82991
56457
83511
89481
88237
67978
82723
67534
1586
75054
50008
69967
23794
72753
32136
81739
92030
89455
13543
3158
78711
44475
19409
29663
18196
24174
81218
53290
35347
29090
7252
38650
73124
55903
93242
51447
3183
74256
8468
3469
1259
51791
15480
96873
67338
35508
28031
91295
45008
46835
53062
80339
8118
4322
21867
23301
83444
3660
59305
23971
91004
68107
73505
57366
25249
46779
91212
45307
1323
61094
24287
91738
65707
61453
37107
41513
87907
28471
2008
4332
36543
67998
12279
60714
17392
83245
14002
67279
76793
30192
15956
48165
669
98290
54091
60667
31437
14472
21678
68230
11257
41799
64014
11832
88622
13863
70114
61668
81896
55396
23686
26085
27364
16635
12159
36656
64529
25933
93852
89682
62079
47099
57727
86423
72602
45013
79792
20530
82906
76855
49209
87278
51524
7983
58996
48479
83834
37544
55973
32729
68733
67343
79137
71828
89099
48630
95098
75465
41180
38956
82420
43017
5953
8340
72191
6309
565
96951
54648
24905
41626
82623
33157
52183
81272
52908
43597
52494
17004
61671
77581
38201
59246
48025
54019
92333
36594
38903
15768
2715
84966
52847
8197
53505
41688
59054
90401
87284
30002
28735
7070
80895
19705
73879
27967
25041
27902
34923
4508
8146
62723
97637
85313
49360
28102
98381
52287
81778
63951
79864
45231
81731
78478
44268
35270
75396
99315
88254
10244
77302
60048
60464
89659
83679
97707
37458
36991
48859
65083
89934
57469
38098
28081
8597
88338
58443
59977
50605
15081
95246
28396
47460
72519
80536
4433
23148
42644
54240
25928
9193
39957
2828
93005
89562
96119
17104
70405
16080
70510
43502
74624
34162
81447
69787
83349
38879
77183
11323
27975
53730
10855
43874
75776
43281
9436
57999
69218
64824
63467
69457
323
32486
53656
18597
72454
13166
27681
99066
89642
40811
38580
43461
13164
38267
31918
82379
12378
557
65904
46304
38601
75396
31987
28944
55270
8692
92134
93856
27688
34107
24190
34371
21659
53395
57391
30291
22611
51250
31033
46483
60617
56298
98103
56117
18776
96810
78945
59795
13941
94866
19268
96752
25722
54419
50925
82790
7807
11971
75275
21993
55220
22429
79460
7795
3682
33304
69807
14957
63775
94048
72662
92089
54501
10430
99362
42396
62784
36150
85314
64509
37815
46023
83420
28413
54810
78225
27598
77521
33055
49591
16306
30178
68803
69185
25366
20017
46939
91490
65255
8629
85137
43050
60101
58118
59035
46414
1584
75780
41194
47556
75823
52103
46266
42262
95649
13777
79998
53134
7250
86010
87005
53021
52019
16520
21257
58435
80200
67896
93348
10268
36435
81726
72273
19313
94937
92618
80591
37421
401
96862
76427
25767
38911
76957
74483
29580
87212
88397
94200
22277
45516
61192
79894
861
81440
18723
32107
25506
96035
79783
63876
62073
44772
35873
12079
64439
54973
36469
12823
64297
86907
32711
64423
78693
74733
43422
52827
15920
41300
43746
93857
44665
57518
41526
78570
69629
55706
40862
35006
31597
93733
38257
54580
3181
76046
42594
25346
2519
78103
59198
50875
43759
32678
69374
68199
38440
80317
52406
36931
10986
92106
65632
51357
58131
13534
10525
3063
68895
48566
96832
86236
93643
69873
28210
74232
39726
87326
61443
25166
72514
92804
58259
32413
60058
45572
59892
64682
35715
10116
25551
44153
52674
19943
78475
95774
93143
47790
86564
81135
90890
91943
28380
62640
36400
69935
12794
14417
29693
93462
38434
16420
81010
94070
23167
3716
759
60552
17504
38251
85519
24477
91491
92207
22395
99552
42742
20610
34777
26894
25986
17705
70844
83806
28998
23047
97319
87787
56847
60332
60081
84839
82130
71591
91233
14338
84600
52717
70253
96079
52063
41856
96329
66950
38738
29454
51468
42489
32605
35320
74426
70807
95399
74998
7411
57349
74001
18657
57825
28724
48635
26870
92923
82767
72770
315
77233
2637
13277
22660
14760
43555
54780
26402
94499
86264
52234
51720
13190
15511
90876
45594
51422
34740
92946
80277
82864
74983
99448
61553
22792
68008
77702
70531
53172
37683
65290
65503
49578
57453
14534
33667
38800
96514
94607
53030
7958
16097
36727
49194
85399
4935
17017
83996
80969
25869
93613
18627
99564
20888
9783
23797
65663
48358
91511
57555
99178
42823
36402
73422
50818
72000
18166
92684
49022
65750
64235
99684
55377
16963
2961
80942
29080
81912
23428
74586
30284
94
45973
23255
80264
72259
58946
70825
36261
44908
32411
153
67064
5560
693
13576
78317
60956
3764
24373
15844
11893
56347
6278
98352
63380
67720
57743
69410
9769
91835
40262
31913
23996
16271
41419
84577
16796
24238
88122
19136
11339
42968
23554
75875
74030
38917
59547
77872
63555
14190
2921
10296
12537
68773
69035
6051
30188
67362
35669
86361
83305
26642
21234
83983
19586
1961
58308
27089
62075
11762
72603
48207
4096
52372
69806
34618
89475
48219
70046
87909
35435
63225
49603
13580
26691
56571
37357
41042
84931
32237
82041
52634
66211
87884
93902
20481
47355
39813
10
58275
23617
85931
23388
60423
30647
56390
69605
34269
48097
48654
54965
67397
86802
50065
83834
45622
27551
62469
50320
93476
4691
55598
16313
38832
56977
99402
69448
90816
39746
61057
34535
1703
91969
63191
93026
43521
96222
18946
82759
59874
32307
99638
63291
72647
93776
37654
33330
80247
50229
3632
61211
47800
73591
33121
18749
53734
64878
83514
50169
80220
35521
34715
67874
80788
98169
37971
91278
26975
42599
26573
34252
80620
89898
37879
49229
45946
91615
52933
66762
6890
87932
41464
11199
49425
91274
47026
82165
29874
70729
35734
11028
64733
65613
64973
9751
4953
32257
45784
49493
75707
3658
21990
73011
90833
93390
64341
95101
30631
81364
43543
21073
96554
13050
46824
9184
27998
9433
5724
21581
18794
80809
99499
58228
12470
74770
71796
88860
47930
58823
98277
83654
98268
52224
11981
46336
93998
67634
78684
44216
61827
70683
78930
59888
82431
46228
54795
41151
32597
38267
11206
32365
93301
26241
77179
16158
19225
16538
4235
97238
86350
66745
70992
79121
37666
76378
68045
98209
18825
5925
15129
9485
19210
36872
86275
26418
58025
78995
69271
8027
13978
10096
70181
9644
79753
88827
40612
69132
87091
47081
17303
80398
83110
4972
88314
33654
61577
858
21165
42944
19469
5333
70824
94128
38884
12698
56496
13133
69606
62181
95576
8706
720
76669
6787
37094
83016
66151
18034
45346
62119
92391
83865
89327
30003
89939
8664
79175
22305
5235
11664
55617
16070
6850
75371
61989
95235
50155
47580
72275
27754
84382
39469
85586
70962
18421
91926
69001
96856
78820
36280
39635
47796
19045
18613
91576
47572
50557
98300
59515
60476
88812
55578
53734
25106
91782
80090
68774
75572
23478
52945
59491
43576
25802
53884
41398
75204
34685
28413
6623
77184
36690
95744
79523
32968
51515
88089
66444
50100
33586
67579
8459
50311
17625
1269
11459
50454
25875
15288
65190
60543
1168
57476
43125
96972
79349
61607
82443
39299
17006
91215
68175
57671
29995
7372
69213
88003
34746
34639
17911
44990
36956
96626
72514
8668
1778
69079
71442
49344
12271
61048
938
30667
41659
1383
64329
31874
83513
34643
82076
71672
80629
24078
71120
86023
54414
28970
17331
85500
67529
3424
35162
59280
60537
95621
91916
12750
12024
94075
96586
42216
32821
85473
77094
67302
36535
6666
46579
73103
41452
42789
10365
88086
23609
19785
18560
26724
32110
80973
43860
56746
96035
17442
1895
50880
56689
72611
23489
8717
62811
95417
97045
78117
47525
77398
41022
39950
6191
52181
24796
4306
25917
97423
82229
23638
88260
12757
80616
30515
7865
12417
5091
25676
66530
22403
77792
93672
41780
89188
34737
11285
22772
8552
17756
50206
53185
20664
74068
72124
84270
35781
81416
25957
60638
19113
66214
36070
38290
2318
8637
33040
62741
59313
22070
21003
48256
1469
82345
54085
94508
59649
7646
47898
3249
77329
36923
22872
83067
88289
46468
46700
14418
30522
37139
9477
30327
7849
89487
94375
42896
79289
63677
63356
60584
26899
69503
15529
43419
43127
78784
38586
3121
91383
56978
29997
7728
62692
96257
24869
98724
19249
69540
78140
39606
29745
32065
47812
80025
40643
24240
26661
61009
38927
96489
83320
60858
28538
10731
13249
35824
64762
36075
7766
70650
29674
64638
99101
65941
16785
97656
33966
8898
98241
9297
34985
17812
1951
79845
56451
95521
49982
53235
11812
38801
64962
25166
53781
7331
59214
88706
62228
42003
63376
84390
8141
48397
73827
79430
21360
99026
60979
74230
90470
47965
33568
22127
4132
94180
15021
2209
79036
70105
16028
98567
95228
79263
9682
54239
31592
30945
54343
50409
84188
33540
54950
48320
44593
45092
30252
31690
60746
68764
99373
1654
5382
35639
29907
16401
20230
45382
89943
25010
9832
74705
76513
19626
77876
30355
97772
8817
67617
26398
55953
54469
19374
38796
32652
28034
80731
24904
92835
75702
86575
24327
87259
28314
40880
76967
81448
78921
14053
98511
11216
47352
46797
47904
50391
15917
93775
1010
28904
15628
46522
32557
77543
49517
26865
34560
36580
4152
47830
43168
39979
74436
41180
94695
20914
28298
7718
25049
60278
94944
97017
22932
11782
34329
36125
49057
60685
23568
56316
70089
53950
42957
48790
44589
54847
15154
95285
81353
61608
13008
43794
41628
18520
43566
75581
36377
5085
53107
83933
70304
45652
96738
68910
52234
92635
79382
66771
64478
72809
38755
50520
17887
72649
66571
97856
1391
41003
59770
91988
29210
13622
32510
36330
89566
31515
56303
48098
16511
37884
60729
59264
38001
96766
97652
20222
28308
98040
33137
5603
65116
900
40015
24583
86970
31565
34463
38288
9259
48767
56631
94480
90339
87502
43211
58866
58385
2100
25855
50476
17683
24002
18859
22322
56874
43914
1272
6073
16594
27609
97926
19984
40408
44771
43440
31226
22443
13931
84931
91669
47119
29138
59807
97332
28865
3929
71730
50187
90515
99450
59186
21231
91842
37761
84331
21940
12238
21738
15142
74756
76773
13681
84518
79857
97774
74491
9765
85988
64234
71162
40538
94871
34443
8352
43259
39288
78999
1185
15627
22884
69557
53153
99701
73459
56646
20918
57436
82265
87619
45687
2531
52616
34373
67707
96532
31329
26913
86935
56545
25848
33804
12484
74987
89439
77385
18138
47537
50021
91745
63573
39490
63904
79147
84355
23673
13679
18636
96578
63462
81169
81615
25046
89194
63028
57885
34336
34424
1555
65168
30883
55529
10428
17795
96591
375
8627
33194
43321
32663
72820
51256
77290
74176
4182
47217
91152
23279
85420
99698
54959
3006
87072
71393
30973
31465
60551
89213
25030
8223
96982
99543
75155
1184
8734
9192
28212
24980
27862
91797
77863
61732
59191
14500
82399
42351
10297
55995
31452
70351
13330
2713
86270
90751
27846
76395
41385
66849
46552
28711
9059
78529
96578
17034
46272
87707
72098
53804
97286
8637
40223
83193
99134
79053
18415
30437
42813
97314
26359
71908
79681
96319
24485
90763
27698
83725
5441
58950
66745
22954
57040
93253
55430
86209
61274
74382
85705
39672
62751
50201
20411
19448
524
42365
94534
46374
4509
84943
61922
65608
37914
70037
71845
27065
66425
60659
47204
48031
3897
58778
8069
27399
92333
58970
62518
13361
39373
20478
20328
2317
79131
47485
13725
43407
17875
94005
39256
49545
18704
72325
63078
54364
10119
1250
28577
16444
61529
8776
74479
77857
86717
47389
61819
10954
21216
17024
28057
57280
93184
53371
72259
1688
48175
58251
94047
88417
29938
77292
10285
59168
30809
12225
55937
16905
31988
3686
75303
34237
94333
41525
26306
69309
58659
15058
56748
20605
65267
10364
92128
60237
211
63700
28701
84584
29991
73545
84066
6020
7019
13591
15011
49109
40311
47695
34354
37885
78367
57747
36546
57643
54808
80829
62999
35
43238
914
31649
66210
47228
90040
21828
65976
26717
14731
59727
65956
18838
28043
55610
91888
12554
31463
73952
10808
19289
56099
24370
56115
49354
44125
54944
51352
35004
57310
71835
30773
7254
15756
1103
99633
15005
66878
60910
41850
40298
34188
56102
23882
80259
16447
92164
62854
5903
66768
10008
5192
6732
64484
48819
38366
87818
22664
426
65241
13278
8196
29998
86718
90709
94227
15737
95815
50731
701
44852
85046
30930
89492
83782
2082
94661
82953
88558
73300
26463
13525
36628
81593
93983
35532
40012
57943
64639
51086
15794
7122
68004
35905
76566
64010
75118
50391
43747
96134
13431
62021
76421
21498
76843
30349
48716
11208
29611
78040
1332
56042
44154
3880
29994
30002
22471
44429
60621
16242
47686
86559
10549
60451
61422
72937
605
82691
69309
88678
12704
82690
96953
14170
1310
46686
84262
79467
1637
1834
84651
27517
75921
91046
44441
6637
36856
59737
73283
62124
2003
18361
82307
34268
42906
33980
91634
14559
52905
3293
19826
65237
89643
78748
26664
37377
70569
78065
18609
71821
33922
89527
73766
21127
60972
12464
92434
12196
10520
33624
32499
89760
57732
83318
72695
56873
67775
34440
27727
34319
27673
28527
22032
12687
36068
38579
56863
10216
20139
83540
15758
86606
5243
99675
22410
69250
88360
60292
36602
40187
75250
69130
84354
96366
38967
48448
44973
89108
10181
1836
46830
6456
60489
42683
91538
29734
8340
50734
96450
10583
90932
44411
65545
31264
48273
73730
43832
36672
70716
13981
22275
16249
10703
83821
13286
51163
89116
83806
889
89117
98800
93835
25452
78108
26083
1636
49398
94103
63753
34755
3695
5980
44528
28132
4314
2586
4035
72932
14938
23189
78092
21413
67179
33913
26175
85555
36346
78446
92814
55291
68999
51071
29481
93499
6851
54370
4697
37384
41953
90048
639
18563
34797
428
2837
14831
20156
98800
14621
75576
16156
74638
99961
77996
44626
30350
23933
47459
0
19299
45708
22591
20179
29493
64327
89322
25044
38889
76747
81353
71225
4577
39813
62252
53903
55855
6854
69476
31454
41805
9279
57554
84794
50755
94028
22081
42089
18428
11193
21972
65907
19908
97008
11818
46261
13278
12113
8712
19401
10474
21660
87889
20723
37855
52806
84522
15829
65051
49810
32249
9420
59954
86892
91734
64235
13228
31349
82538
90745
11740
27624
4902
69420
72262
8456
76418
52656
23233
19057
10969
84961
19757
18575
12968
48015
44366
33322
15423
10463
73463
91017
29126
52210
32497
93190
37920
69587
57613
81708
90109
28711
36575
48433
2010
68352
34921
82803
66922
75223
32917
4968
19042
53399
13262
28602
93368
13193
32944
61259
61590
74413
98508
38345
61916
63478
29214
34265
66907
56416
65167
96584
85017
73463
89592
52374
6480
1603
55760
93708
78100
88699
64119
21699
88210
94516
20517
39577
11770
70602
34891
5967
28307
80903
72827
93718
77072
85738
59583
3018
29514
87709
57007
51261
17572
33113
88996
36720
59137
64593
51273
61530
97483
39126
16167
26896
63511
31801
91695
15155
79924
19309
34073
67930
67098
53907
53943
90436
61826
99935
1548
64258
99380
41366
74955
73675
7351
45706
64536
52683
71956
70304
97278
95140
62784
50614
26325
74980
11835
48129
76485
12219
94014
38292
98064
97257
26830
67880
52804
66815
29439
40610
44
58681
95866
2448
5919
60274
88603
13389
39408
88158
80924
38408
9913
62535
96070
51453
34845
35719
82875
49397
28429
85284
15378
29076
28956
8896
37060
96973
7082
16254
80924
98690
33743
39782
60422
80888
4113
72340
63815
17029
45657
88852
18475
36168
46461
89092
45817
36846
53425
93752
97597
69141
94004
5395
29156
96813
76317
68598
98472
67526
7359
65557
20942
35345
55009
96906
95572
45221
17093
29899
25095
38074
25742
73880
49679
57366
49718
64642
22114
7145
11648
29891
47867
16861
5314
18915
98705
47502
74136
84800
87646
38121
33770
96804
95108
17340
92268
44497
71047
61270
33934
76299
52339
80061
28232
14928
24624
13551
68664
9690
76981
46882
11195
88895
49508
65638
50514
73252
49764
52159
73974
57947
41193
68873
89177
38551
84620
1565
54469
82640
20978
18041
7899
99781
60962
48274
34030
69541
88120
16944
12983
31605
98686
87421
39588
70780
38864
16429
13647
54266
28001
24049
18102
10966
35554
24144
70268
35171
46331
96652
56824
16868
27155
5369
11974
18428
18328
32652
2822
33340
60939
94162
56729
95307
35149
6575
20067
57157
78159
28217
93363
42235
67068
4601
57700
16442
59650
51066
16779
76452
31753
81523
1731
63703
57317
95381
9726
40511
39727
90118
17209
53159
45975
56049
73349
48265
1674
84625
97213
37029
92318
60077
96981
25442
15216
67815
21495
88363
32947
13065
45649
59033
87360
89793
34784
84272
3751
78539
31640
77876
9309
67136
60017
10412
25165
13316
90990
41323
62341
5594
93288
70080
53466
54128
61225
62050
76563
15993
90946
72298
78938
97203
98341
57470
5310
43223
20892
41864
41390
9197
26018
79802
10299
85862
60927
89956
52576
18188
20888
64176
56993
35174
77593
2886
75646
19931
90505
82135
49386
91497
15664
60323
3605
87147
67793
12980
33683
923
13910
80822
35082
17719
19797
3813
64268
49008
67809
49965
63350
58304
89720
25625
96188
52546
97282
58323
28677
38994
45238
35887
6756
99874
12257
85149
30320
56186
63472
24904
5381
29420
26346
72462
27517
92213
1225
38475
71959
5257
71006
21542
8846
78575
16714
63221
38599
79917
11984
76389
79111
92520
95239
30972
38799
75579
23619
77605
15728
34117
6473
87984
86871
62264
90825
43231
26865
83215
66284
83084
30816
51734
25741
66265
24606
19937
94478
46208
47368
28382
5326
37216
98645
29571
6072
48988
99802
29988
70318
57488
12017
44809
68305
27065
75602
47696
7115
27188
68642
51662
40653
49319
55774
52511
40928
33575
86843
94693
28626
71454
73096
90821
93681
30522
62472
42399
37710
79263
74414
63846
49499
29041
64105
24006
59963
99366
20200
66162
40566
39786
52010
86342
43568
74079
89107
20805
39602
79579
90544
30198
10785
96377
69447
21400
59838
81165
10664
91022
80664
8168
62529
15225
17150
31211
25394
48576
64117
41563
34140
91291
80870
881
46747
80095
94663
82833
83591
97652
48264
48732
36202
2909
89488
20218
49112
90145
1590
66010
48475
45499
341
2686
50238
77044
10244
1785
51938
25706
83963
19642
12896
26323
55696
46989
76870
76161
34798
49812
47890
89005
9213
18261
49032
55131
66834
55358
10190
42427
62136
66096
18272
72766
52317
18461
37188
5328
40400
3102
50110
14452
45508
89567
9562
85327
41132
27966
23278
45503
90348
90282
56758
24826
47397
56385
72309
97607
68212
72529
15591
84721
33645
98165
32374
87129
72871
72816
40973
35552
19863
26107
23186
18021
89250
95228
71830
59810
16339
52197
47889
63481
15322
50329
25907
14529
71199
61853
81130
34999
51420
39707
37470
5901
97151
71345
40786
58615
95704
6557
96813
52418
94568
85407
39804
40045
69389
18051
60927
33739
44568
53384
85239
90122
30717
25329
55166
83107
64647
19174
23365
64924
86904
78876
78067
11157
56037
73414
75871
80061
41340
11839
73993
23941
11890
8557
87863
50867
62644
1467
68245
78749
54759
24620
42328
75620
58791
70135
12708
33435
8468
21601
47845
99273
78506
94477
82994
68551
38695
77064
34262
38707
67657
54943
19089
25078
78224
69029
40866
15031
26666
33770
99796
88588
66765
52975
54890
26073
47946
61766
24085
97684
23276
85319
74053
51947
51713
8565
87107
50092
17833
21337
19880
16301
4078
37532
79999
98838
11793
58456
55108
7857
22218
10661
94417
70483
74032
58820
25412
98746
76075
71161
69471
96174
10078
11253
89373
55145
36039
20734
73966
61293
65869
69970
40298
11787
6503
12484
22932
95031
41867
66834
11812
66805
79672
60172
62108
50136
56966
87496
97927
22445
45308
56867
32279
55709
86730
83979
95128
48937
62978
38566
281
57887
30887
63093
28008
26095
20607
69079
62020
33440
62468
91546
39571
19758
26813
6516
80752
98613
98114
72916
59922
32584
79704
57374
34451
93708
24164
99373
44300
9405
85752
99425
14516
27735
27320
29588
41617
38743
58678
56645
37
90435
8814
11687
84912
6635
7101
23954
34120
30183
88479
164
55738
49130
19453
20013
58643
24786
57596
2444
66825
21251
24965
54884
25455
73808
32606
16237
52245
3642
57780
86570
23505
4972
85676
12917
9381
70909
5360
42736
28645
66297
49974
1877
49494
74311
57788
4428
76789
36150
530
12904
91876
34932
65462
10845
16201
79538
65511
34551
11174
20133
56514
17411
64239
56541
70114
87473
3014
25735
44863
53784
65954
43580
73002
99197
52686
37942
98380
1335
59645
36512
25521
27201
85156
19400
24165
48629
79868
79263
77764
49081
75234
59908
8835
68411
63424
22108
52729
136
48895
18673
9619
45140
73278
92687
47281
6873
63611
1870
38699
86181
95997
43644
5084
59798
89895
24352
66803
26350
1694
60342
13181
64388
87516
13041
37037
83451
21638
57445
45388
50314
22988
48149
55733
69752
7422
83498
9664
57698
22879
7497
27885
98087
7667
43327
65208
88921
49554
72611
13595
18693
10510
94545
41158
57618
26513
31774
30477
57759
779
57177
90372
86707
12621
58882
804
22507
33809
31748
17536
65339
40326
29350
76611
75888
88197
37606
79033
16800
41370
88080
71363
17532
33189
4035
69428
33062
51384
99997
88821
54514
48835
6783
91006
19920
18841
38358
95684
61291
13183
80216
91990
86645
13603
15608
17921
15879
73463
26638
73769
4107
79823
96952
21942
7823
62546
8545
17159
47149
6368
16207
30372
33716
40627
86834
31384
14099
47598
73188
76703
5657
15883
65713
3385
35343
39790
82207
72192
92350
71471
40714
45614
47202
51402
1
19505
12537
18831
86235
11184
17062
82950
89509
45030
61764
48991
28734
80058
57665
26157
23956
47443
66128
10102
43891
47104
61584
88831
5463
28223
65964
4555
11589
50871
24969
44780
92593
71793
92085
82981
67250
3921
57762
54480
42357
91811
21419
64151
39319
55045
56211
75545
67812
70277
16076
19229
11164
85648
83008
66392
49768
86267
45600
40718
55729
39167
47767
78525
31330
42153
8795
7206
30131
42660
33146
62420
1706
19483
79913
95626
93785
98234
93139
63027
58676
83527
45126
79274
73806
10433
32555
89915
21997
21301
66645
89023
99453
1910
31753
41030
39269
70193
32169
46075
51767
73808
13023
64914
17067
59014
60614
33338
30263
3247
34243
3644
22597
53332
18139
83103
67764
27731
66591
96617
35396
15333
54584
47745
44413
65222
95764
59881
27168
24148
44933
45018
15462
83454
23082
91394
1756
28169
81387
63614
68138
7262
62526
37240
93352
3858
10722
32474
24145
42183
48131
12146
60078
16647
22890
61003
85970
52308
55487
72842
906
37270
94903
94457
76255
26385
48816
96846
39092
89018
82502
71261
22248
51579
11494
58948
96949
35286
87769
90486
48887
70962
19118
91857
39857
96653
1798
84190
26095
878
3090
22787
91638
56995
47503
75852
81603
44194
99087
80132
98465
91621
15076
56563
871
7540
63670
60047
89572
55598
39654
96083
18060
3268
37638
41845
72376
33419
28249
41274
71501
17249
33768
13941
80621
1742
5129
76233
96088
71142
39652
91343
11283
77315
91882
22313
51285
56927
18759
52460
39528
44193
51877
80975
74582
42654
28485
43191
76235
80303
95861
52060
59387
28402
45819
43629
8500
67776
84376
79049
19930
53197
3485
45886
63411
35903
15068
76696
52400
97909
52832
86948
65230
23597
59062
95742
25246
11207
74577
56060
95666
75814
83997
84813
45026
38366
27255
42504
90651
86390
32177
32230
57235
41284
29317
65196
93295
10750
47029
70045
73294
54002
25987
76952
83002
86848
2993
35704
14483
92856
97194
94305
18368
77627
89689
90992
70461
721
4179
59343
885
83342
92200
32004
22916
13760
40459
68020
80122
27880
23737
78357
87720
16687
55437
61653
84374
73608
45884
4617
62165
95755
2779
6453
31629
80484
41713
62590
36861
72158
86266
51658
68255
73819
10962
67475
56933
2994
33208
14046
89691
55844
35472
55053
76419
91214
75768
6783
73732
85608
54903
58962
3902
69607
29893
5353
65315
78865
64204
96398
63731
33545
39999
82290
52191
23568
97291
74318
85010
22647
38165
15834
216
34547
13651
63519
96827
23062
12360
69854
81116
81010
88063
71988
48750
46963
35887
7375
27670
10785
10776
32564
45698
14136
79729
31652
51987
75038
79939
87301
83458
50497
22738
24016
23222
20833
94778
75811
45023
26249
73768
91973
77108
9192
22316
63483
64116
63105
77164
26706
33450
48421
40777
36593
47572
67370
98770
58219
30984
45646
41120
83696
91752
73336
599
66930
71445
7705
59577
56375
82310
95148
52030
78094
835
5721
66139
11329
20780
79207
68925
91906
90263
7580
41150
52514
88937
56171
1161
94803
12637
40348
85034
50907
70190
81482
88059
40202
79139
62097
88655
87092
63877
8600
51086
92340
45181
8176
82679
65452
78459
88945
93144
91453
47823
95378
86481
13722
26974
35573
3164
57827
12311
80941
17431
69938
93535
72174
9274
61918
65079
2067
22086
70703
4383
71226
96837
70989
1919
74413
98908
87515
89051
47896
84520
82185
99855
73318
93444
17737
4145
3893
66577
20273
77884
92356
63930
91390
24363
13187
82792
72698
85696
96952
18776
53661
71382
73174
45831
65886
70185
82123
6909
9941
33249
28597
8047
38779
69544
26264
32333
6245
43637
17381
9875
76018
70758
15010
59545
34534
93197
66047
76841
51116
35588
38052
28322
28528
51239
58385
30839
11155
77817
1890
24743
90182
27569
39506
58156
69593
64600
95498
99167
56175
79329
50418
30904
78684
80524
97763
67576
84896
10454
63817
31811
4122
18452
42979
16350
49472
63201
77284
52302
46820
63049
88114
18239
87297
30930
22246
9550
3276
36164
29589
89937
31404
44738
57892
78760
80778
93910
7566
94190
87242
77612
1687
28053
61036
72918
88322
80619
58584
45727
37056
54388
36028
98063
72743
2071
94349
36856
96555
41049
10723
47086
51929
26495
86699
34426
56118
40974
29384
3127
14614
14949
3160
92359
34873
76986
85644
58675
1352
23966
13547
73839
7164
20242
19479
18990
8159
85347
74483
47269
65753
23550
53711
2487
76120
99960
52398
27085
10816
62437
12487
20930
63545
70081
82136
71597
54412
86903
10456
47556
85960
7634
59005
20460
80015
82312
43961
79
92210
84704
12068
57445
94734
66256
55455
95145
68601
33015
42042
9669
26700
99416
85896
29477
62306
32201
3923
20974
75503
36495
82958
92931
37854
78073
47439
84255
9622
9111
34540
34733
66163
91268
32280
21885
6886
84083
99741
88263
96159
28076
86534
13661
22585
75311
5618
57049
83916
99310
20633
29620
42668
10498
40937
69045
24725
44209
31150
5379
74543
92566
38461
24262
94522
22919
31631
23272
60253
76024
20479
61471
85664
11853
20761
70830
26719
28700
42098
65425
70206
34988
29606
29008
47830
37769
46876
57197
91458
40072
21111
48717
13046
36345
58906
59558
11428
18467
37121
99087
50544
44121
83593
69158
83409
91920
72584
20539
13227
16158
30472
45688
52265
52688
23357
7970
89068
96354
51588
51725
69320
84944
944
79041
2090
9889
2732
61925
8422
2913
87168
8336
63297
76892
93525
6888
8764
75928
37534
14081
70960
78171
164
1671
13360
96126
33014
70942
46400
71639
92517
67878
85034
50019
33125
18899
60070
85776
35277
29981
97606
5439
53195
55256
47068
95838
28216
41212
14009
11712
31419
2673
76800
13014
1131
23516
46739
96110
56922
39518
57061
28450
43680
18443
15722
88122
57390
11030
35102
63883
79935
39140
13036
96933
78335
35538
24958
31195
53703
15936
47987
96470
8838
78814
85645
90786
8782
48876
70585
6898
40322
60587
12537
97735
73222
51289
2639
86654
54831
48476
97049
92456
77259
94405
1573
27486
88693
38677
98470
16524
93361
53703
71201
55475
28681
90740
38056
44169
10597
55347
86737
37906
25263
44469
55993
85860
7042
78656
28614
29135
86008
62117
79985
52794
70918
37436
83141
92065
51731
53933
49897
90632
92482
87697
86994
95414
42346
21341
5148
2677
71063
15984
91695
85478
70405
12319
16476
80039
16228
69364
85141
34018
69018
55873
43043
17082
86176
18880
98888
27753
53787
78146
6148
64916
38047
24995
59630
35880
80125
35769
12743
82265
61020
57169
71726
5931
1916
99304
55487
76408
60825
14691
37241
61257
96927
19722
79064
29297
79944
57150
22370
43811
8857
21640
95192
96745
20276
47192
75431
58791
21035
27174
37178
98514
73914
3010
38636
88173
14680
29788
42067
32641
25217
19684
50780
41396
43125
25856
9939
53061
25552
90320
16317
82115
87849
90035
83611
12944
78309
69775
25320
51185
3397
57099
43157
70790
50747
84871
26277
77465
97659
45989
47536
84398
87625
70076
6445
6335
28750
82651
31005
66328
34364
94763
49228
171
46653
21621
60274
90512
91051
59584
86109
94786
87716
18064
11380
16116
10285
66565
58028
12124
97329
48297
54965
34836
16711
44949
82519
85378
65147
2231
71056
59275
41555
89874
30881
88148
13618
88476
14320
87033
48657
94359
54714
38905
23881
63971
33796
23863
52730
52945
52645
72683
68798
17373
30074
47229
92596
57898
59182
78201
60457
71153
50574
31911
88449
78020
38653
83914
96097
61801
95235
66294
68289
93654
67099
59947
36319
69557
84856
38523
89767
72002
42052
10140
7775
87328
58665
15563
98222
81729
25703
66316
23509
28878
31051
54124
8118
60444
63704
23060
62029
10239
86071
44980
97192
67092
76679
50560
21661
80654
3713
48871
88447
70885
10575
81036
41586
97066
14493
30002
95137
74324
97114
48294
33522
24268
40764
16510
72064
95242
11445
1429
45920
35385
89285
49209
79787
88226
6363
2288
42399
17400
92946
56726
14299
75861
94300
61507
43118
38918
80770
18775
95745
79875
51915
10658
93623
22085
33809
14201
41540
91364
2387
88403
91105
21707
45397
2287
4886
44805
86785
16279
17266
12223
64755
41014
92741
92595
19944
1909
52823
50121
65437
10756
3548
94024
35816
50384
79296
76288
63888
22770
1110
41598
55112
70796
39047
33780
68777
36738
37948
89688
35147
54429
37640
80945
54453
50609
60450
22644
59014
12648
4049
85898
5623
89499
80972
72850
11590
87593
99982
89314
33694
33081
74312
11372
65975
881
35641
84708
63460
85637
68228
68163
16462
93058
11149
40797
11527
30124
22913
8896
16576
11065
77101
42251
19946
46867
73694
25252
62602
48629
54473
85285
78935
64703
18716
68596
54810
55850
18132
93358
11963
53518
57565
52934
97053
4614
36612
13297
21964
43393
4615
93417
76602
53750
58193
98305
77984
62668
72725
64425
5789
89721
53283
14475
53903
84355
56381
7348
65708
40090
60600
40267
67485
347
62332
39354
30293
68374
80274
20277
35256
13446
64066
58869
52444
75649
57003
87606
56301
76991
25419
95718
70872
17788
26877
40012
90310
58403
20616
44385
63371
63843
31464
70754
89778
28777
54112
86021
43461
73712
19686
72993
3611
88261
23551
52056
89872
68193
43868
36195
68389
65601
61483
13401
77005
7195
41910
82236
72559
45238
9376
49441
63601
27060
58473
32473
31606
81571
9499
86543
7972
33950
75244
59448
1051
4010
52780
59236
60571
17043
45600
57357
24061
83249
76970
6416
21328
85128
20458
10776
8767
18311
86849
5864
91935
19451
22899
10621
98993
64855
59204
78084
81810
33909
16357
86954
52342
60188
44460
75020
57838
80711
81892
48510
16257
15471
37383
13103
52703
31616
87263
95461
65559
96002
78159
58353
44950
99002
95107
33816
99001
92287
52888
3999
38222
99310
16465
24477
37596
77437
96595
29855
81451
30824
21912
84192
91282
83359
41296
92506
75554
82595
48564
65589
24658
17308
24530
11303
81667
44621
11393
55797
2379
82688
44882
56006
40189
37148
43888
96433
6099
5928
26906
7595
31071
69648
58507
78380
11187
58178
37685
36111
9382
69487
56861
7298
62943
3219
58492
36556
60266
12325
95969
10727
41921
67931
91722
17807
94747
49726
17495
75498
92535
83408
80930
77366
5229
87311
93945
10109
32465
67717
26067
25025
90971
26651
60695
52436
49638
52638
48549
79686
81068
53441
23323
13784
96705
99425
70807
12538
27660
75477
66213
2087
71131
43085
84864
71997
94277
10215
36641
71703
2363
92137
67345
39664
78439
12977
75654
61403
4438
48020
66781
76653
90047
45213
40428
33107
92340
51990
65141
25329
62023
26441
11895
99919
99853
88004
44997
32571
56135
8762
67833
77557
71130
13499
97974
32642
41883
20579
5758
29212
97898
54886
45575
42304
19681
53543
56343
50146
49692
12152
2511
64874
76679
94272
69792
95603
56810
90622
55957
29609
46104
49453
19782
19133
62089
14403
90452
63665
24194
22277
31650
21428
20446
48767
1142
62117
8448
57456
97185
81071
14291
38434
61883
97596
204
40581
75902
5297
96158
92601
62939
91334
83189
98275
20269
88168
6266
43588
18211
23462
22223
41186
86725
435
82715
77399
56453
49705
52865
78209
82540
89719
57446
59250
14092
33778
82373
92484
39462
24065
74928
11672
32068
58833
83235
91346
85346
46384
87506
9972
86700
22451
96049
63110
91539
25984
15961
75650
39594
4819
510
48137
90762
59646
60835
10052
18475
79503
27955
72089
87642
56582
26958
64719
35409
58412
60724
51511
87398
81005
4610
94477
85590
58138
1247
3753
15090
27434
24329
55046
36106
98164
36588
21708
78988
12987
11818
67526
28027
80523
92659
75736
99721
49394
84841
69356
58775
72853
35597
49630
24698
98159
55617
89830
41072
26160
4569
63367
74346
45238
45269
35942
24737
31083
7466
95616
81409
6132
82550
10625
55679
83723
67919
17380
32584
6543
24928
29698
44676
95529
96643
68319
97835
30455
99736
32805
64739
61964
73085
95752
5622
19108
72182
3767
88739
52461
29184
62253
83802
90361
94562
59458
85427
58455
27156
97259
87254
9726
3015
73048
39179
57144
49719
26128
93820
98624
4335
47606
77774
82421
143
92523
14604
57156
27670
26253
62079
8108
73175
95227
5665
4606
13270
13936
5275
16443
32714
79874
86638
93759
97994
74031
1076
92651
80867
11021
60763
83352
80917
53106
34907
61396
60977
25837
15593
70558
17945
20269
99338
24588
97750
16746
2145
22155
37854
518
3475
17461
42233
60255
72453
49392
19630
77623
22359
28365
48179
61676
21907
63559
43685
89194
87579
55384
54398
23576
62717
68335
92808
20093
94641
28124
39538
43514
51261
56727
70035
41380
88557
14006
33469
42055
40113
58335
97103
60561
7600
69896
19477
80046
72319
41084
90698
85377
5591
5058
582
69848
60261
5390
57602
77312
35077
74262
99360
76701
88306
72635
77475
13222
14354
64662
51381
29475
7257
3761
80452
57410
81141
29045
58585
52005
57727
70617
92114
41179
71816
67562
60697
33823
35995
22198
78312
31660
72344
61556
53345
74393
19524
11496
8354
1264
8278
87201
43358
1602
31007
81944
98670
25367
73229
48927
25009
49984
41741
24501
46297
91089
54766
77602
68903
4768
53113
67657
24101
21637
81702
349
94639
26138
50158
4976
39622
21405
70472
27624
12979
52269
67994
77035
39964
74328
58975
83718
16251
26484
29196
79933
41947
78185
523
29003
98436
14323
90713
82345
21986
10407
53903
47795
41044
91582
4717
73173
84228
5612
87908
89787
67360
40658
27269
14089
58712
62455
29566
53283
68715
78056
59601
73244
14866
92934
6294
34400
67950
25492
63583
7785
12033
27187
1057
40670
60351
38330
78340
63735
3697
71794
19627
47452
36957
68251
55242
74779
61054
55412
89874
23970
45157
52132
72072
30814
22224
8027
64585
93798
52134
74199
26198
64041
65100
79532
697
34914
12108
43253
50528
8738
60850
57544
70633
29677
5939
14
55350
8044
39120
14742
62609
82254
76195
15615
23757
64089
25457
78609
53549
58471
78515
85212
59685
35001
35186
54471
76805
27598
74932
94101
94753
85354
22277
8087
45643
75756
56770
76311
91303
57679
10816
55118
86766
16787
76687
27104
32680
58270
4954
1509
96909
56914
87511
15617
90448
299
30986
39943
26185
37867
80985
93018
25421
58391
10403
84683
79792
58289
98346
46028
41227
96533
52254
12960
26976
78309
7173
42617
4499
97126
46471
90120
80590
96724
53051
79627
81834
60543
70651
27002
78208
44827
5754
90402
91283
60615
43854
54746
99006
75003
71680
25450
21792
50121
44867
83707
5513
88045
85851
3861
28873
89066
13043
99574
29955
88163
59698
65576
31604
40945
98532
77039
68641
75870
39363
91295
31289
63756
61672
72376
22867
61490
11942
67940
65182
42189
22730
86187
53481
96065
89208
7227
41734
13764
93463
52922
5080
80544
41495
56377
8824
49110
35721
150
69181
52731
46159
94405
68780
14426
1819
86050
32294
10972
15177
76246
44802
64922
50316
64752
50711
59217
14717
22538
82110
70924
90086
21183
62152
14612
65578
76210
59911
35436
48669
80845
85049
84369
62355
54281
23213
75940
95526
28237
75520
10731
58676
39326
46542
18591
9770
28275
47112
88727
70730
48973
32646
86746
15457
19941
79568
79072
17081
39739
88711
35774
82027
58092
58145
19674
89508
24978
23918
42687
25316
99825
41843
19659
80662
45805
729
64355
84446
14659
53937
30951
88216
81740
80511
99238
82080
24330
58728
21266
63783
23634
49694
99047
49674
1169
76267
77702
97880
68079
50989
94962
23563
13753
78829
19408
65131
34867
77916
66477
60209
38673
27172
61686
69264
61107
89456
37984
90305
90371
26974
98573
75337
48768
68679
6231
92325
16615
8598
87292
69966
95977
69698
63662
66969
73083
75482
8900
69956
9068
78966
44781
13974
30826
58068
66909
29357
59772
331
24389
29676
33902
17924
75580
7099
85035
16955
43110
89059
3006
88400
24541
2314
61073
87036
92667
74272
18301
82023
80044
72616
60379
9012
94005
93474
40291
61202
52225
58204
96985
79877
99593
38823
20748
69875
31111
81389
17613
95477
55702
11956
58147
31864
46207
42405
43697
70315
94420
84206
78832
39518
68889
5613
97019
77801
71659
94343
47307
39861
53518
15131
94206
25173
93454
5122
68268
52160
92273
72208
84638
41080
43852
42608
83554
50369
30106
19496
72221
3439
4226
57081
35195
43072
48700
85291
31556
95423
5863
42795
69252
40396
70240
48327
45747
77051
66013
67789
92293
84653
5302
31361
51567
26854
37490
3306
99716
36621
37184
36099
47281
49703
95726
91151
22037
63159
6350
61260
37768
41886
35781
57913
62405
93504
16607
44003
74303
79401
30528
24016
2739
14017
19360
85741
90965
96024
38306
85907
80487
8353
23751
93582
25095
38975
61402
39602
12196
86176
12218
75471
82450
2420
54500
15742
96660
18197
11780
16959
28292
91042
56116
46412
82232
8519
64477
64764
73716
14096
88201
46396
5188
25182
22826
11535
66492
34765
47440
25950
38540
76562
65814
27261
57354
2046
39904
19984
92376
76222
68123
46197
98025
46082
48832
16612
5509
77537
88552
34251
456
23934
57452
79271
2088
71322
15631
3907
40077
11293
54136
40596
16313
43842
16592
21878
2968
90901
71251
69710
21685
19686
39070
9438
56257
83663
98619
24829
21212
32995
87240
92065
10496
24068
63319
43312
24165
42121
85008
38941
34321
68966
19170
17163
17851
56019
79477
34561
85356
38315
86540
78309
44968
54914
80534
30169
66951
56013
9375
65093
19389
87155
33990
81666
47451
21793
14626
49248
58203
9650
46939
20195
73005
15289
72825
31007
14355
65610
26492
12561
56008
78960
42102
7495
30273
35171
19158
36555
37831
25186
60870
69575
75797
41562
65358
24652
60188
48355
55218
52881
27468
61854
50358
42378
20005
61653
78205
38885
52691
97174
41936
14289
71193
12771
29849
7974
58651
18701
13907
78208
69031
74667
90597
73736
22109
29376
10111
41469
22765
40308
38905
95063
13435
34054
90663
73392
61598
55033
23257
24689
36174
37542
75449
97146
53437
34586
13865
93089
64806
49342
52032
14258
88414
82685
11747
21988
19976
8881
55593
94929
31850
62202
49087
53281
5053
44044
76998
9381
64378
15122
70400
78260
79972
36770
90042
23072
67945
60773
37353
69360
58724
85545
90247
62143
52712
82445
21341
18829
84686
92603
54718
32985
69752
60164
82699
24801
49720
95262
17557
951
90001
58101
88109
29197
32368
54134
75267
34749
27285
70206
10406
98861
67691
30266
23478
8945
5619
80844
7952
2659
84219
44796
97061
52233
66859
2347
12689
12310
37438
96398
92887
73837
97186
43061
40104
2482
819
15714
96854
63811
7445
86491
6105
35055
85029
46867
92314
44909
734
87335
87235
12562
64459
31214
22502
48584
97787
64003
16250
99876
41077
71240
1065
11450
95959
98320
78842
56998
48688
47966
80013
67962
70658
60108
3715
50943
969
94474
20825
80150
27438
18797
67142
63236
54315
79728
56843
2594
98534
60773
88084
22599
60851
67872
67910
17451
34589
16620
44967
3808
64493
56385
15442
75970
34668
57614
40745
22926
6444
85747
34764
83761
37834
52695
61655
29414
8538
96636
86779
3352
32421
64895
57348
41278
98876
18085
31180
92827
76457
83355
79754
39954
36268
36187
32055
61563
63188
40435
70
92671
45442
4066
6175
62823
35076
26022
46188
61655
88927
15880
15513
1922
36351
19794
80677
19113
38237
31660
82208
79111
61098
74930
2581
68626
48266
62504
40675
78115
6682
19222
42844
5248
17584
55226
43867
80798
3245
1097
78663
25050
8960
91706
76261
15578
31128
54116
64604
21407
6511
55439
47019
60803
13955
66793
69717
2033
85287
96108
93273
14139
66437
70238
96863
87980
30681
54426
30399
39764
1018
22515
4671
36119
60009
60957
59791
36114
13565
97838
36653
23543
89992
75721
20133
18652
62295
97354
68200
41865
46063
80589
71974
24683
55813
4457
56121
29895
94081
74276
70784
58502
57019
94862
6790
93841
7617
91460
21915
27895
12803
9440
58331
11322
14939
29529
33887
23255
47686
11009
87972
40507
19017
85093
87109
6958
68279
16357
54290
88244
99077
82087
74984
44161
81004
71849
82800
57551
8671
15768
13871
80626
75374
16764
56613
4653
33494
97970
46302
25686
35345
77883
66359
13599
21046
51607
37757
30751
86169
21415
91718
33331
74161
31296
14561
22174
84373
36668
43770
45952
68663
62733
71653
93361
8752
57340
47949
90989
90966
42663
85757
80944
73282
14315
58148
96202
59248
11763
87215
77416
61487
36099
64215
27204
14018
21842
84295
55602
86817
61403
55294
78182
42618
76370
12246
29890
40864
17901
79924
12602
30291
4914
4735
10650
36909
2570
19418
55373
58955
61118
93029
70129
31608
81573
88776
75959
59930
24836
24977
3371
31035
42194
72558
66607
22699
97613
16114
40460
93267
311
75640
18393
18204
92165
82735
71131
17404
26385
54141
7337
29714
9187
72182
39018
6256
52638
63301
31780
61341
27081
63056
21254
91563
56483
79551
78803
7855
82235
28341
58172
56123
25460
69965
50069
44984
34599
93475
82087
71556
26874
6199
88916
24323
6380
6477
23358
15199
78406
55232
49385
11971
85371
75932
33198
35232
92275
4637
72912
34066
34089
87558
65274
76641
85539
13898
40373
44109
92510
76103
99279
24360
72286
65602
42149
41503
75867
29864
14661
75792
89013
73982
6786
98512
16778
84009
14398
72905
69547
71749
45035
41755
24333
17362
48880
61188
1133
45237
5814
60758
4249
82643
12525
38353
48612
48713
848
72460
81529
5432
32936
12030
8968
88611
52518
14778
91425
562
59535
2939
80837
6957
56351
91363
19107
19687
39361
3460
4731
43583
922
46276
27403
95416
1232
49745
78571
49788
98271
17400
1309
69550
80464
78369
11293
94234
86536
81016
92599
89196
74894
46569
98430
86526
81761
79459
50378
78737
8151
36627
88304
22262
34801
74359
35899
86667
99853
28516
78439
12419
503
27508
48278
40920
23654
14070
42611
73484
62660
48659
2150
23419
72201
83014
64866
11445
16928
46904
7093
44743
68769
80104
7033
10765
52362
2595
70400
716
92687
88908
51229
10602
82646
33725
68832
46707
6070
73201
65783
42414
41918
50166
22270
586
67425
66862
47569
55167
37620
10096
80678
7136
92082
27226
468
88653
632
51952
45647
86055
17296
69736
50482
75334
6213
14858
40804
57028
14230
11125
32807
13221
66649
62612
38093
97247
95807
85937
72219
61554
83735
11569
75830
305
65488
15426
36763
24820
39667
79120
42898
90164
45207
23031
75294
42868
92873
70606
94201
23491
29699
12327
84920
89677
53027
57863
71076
72936
91225
13519
94604
31915
80154
62473
83080
45950
46851
56584
73233
58633
86672
66462
51363
4144
39729
82801
78137
51504
44689
7217
71038
27457
70063
16540
17152
50279
51896
17624
31371
93003
29080
93657
41405
81916
47160
71702
62812
54264
36448
60028
12288
84646
69494
24236
38317
99052
26237
35419
23596
31049
58911
78820
98466
3965
1819
38055
9527
47619
16544
37543
91618
60771
39
28580
30590
78512
78630
11429
19498
8140
36877
5247
4871
24519
64945
75064
40030
88280
23864
45611
7673
2126
92645
89655
12676
99733
8576
18709
58901
55187
25916
60729
26195
34632
34446
93273
89943
21259
42495
81405
64423
16652
98007
63973
50151
10995
33953
32640
28891
21007
73409
16878
69327
37085
30322
94653
1301
77000
74849
28983
19284
80194
9991
5499
46715
11005
73587
36606
20617
66438
61106
30111
17665
34532
60016
34975
37047
41741
7402
45556
76405
24322
64996
62645
56810
71084
2574
87188
65227
21751
52580
82525
48018
402
67906
37898
82481
50247
32860
20156
77583
27855
95957
768
54961
69021
3008
18733
10028
57476
68721
45643
73510
40925
47946
77582
13753
99039
11060
66901
28581
68148
17482
57714
36190
46354
30937
29215
76922
34871
93487
19158
54578
63222
60252
29250
15004
61131
1922
34206
30241
31746
8936
99152
39467
44759
26121
38258
83910
9006
1865
89425
37031
74702
52276
97709
32587
91170
82559
59379
31404
91274
65719
36552
40509
66364
58564
8711
47787
85681
95218
19542
32622
20291
94084
80916
36791
51557
54299
3904
11124
21264
75754
76701
6323
64032
80211
19406
88212
48518
68984
97492
7197
79403
79548
32886
47213
95504
3152
27305
36630
18121
59041
14568
8874
87547
25722
56982
57627
31573
